100
-6850 617
-262 -8391
497 9389
-20 6519
2854 5273
-3799 6998
5814 -9492
1275 -1167
-3845 129
-3568 -3850
-2770 7641
-9036 -3991
-8156 7507
3953 634
-6875 4627
-5440 -9526
-6363 -7882
2670 -6904
-8909 -7306
-4156 -113
8804 -1759
-7553 -2850
-2908 772
-3259 8770
-1142 -5721
8857 811
184 -2899
8737 3628
-8346 -6007
5627 -676
6496 -324
5324 -3105
-919 2762
6934 -1306
-7221 8768
9653 1861
-1740 -6098
-1490 -307
-7353 8438
-7155 -7527
8920 888
-5695 -2459
6201 -8795
-9474 2615
1962 2616
8019 -6051
6403 1351
5128 7750
6264 -2172
-7958 -502
-3042 1637
-982 -6829
-1881 -4
7626 -9136
9933 4031
-8677 4645
4876 2542
3011 -7286
9898 -6678
-3606 -2494
3130 4862
7440 -7869
-4412 -8486
2332 -4948
-8132 -1601
-3009 -23
-9430 351
-7381 -1237
-6772 -3473
2707 -4579
7378 8133
9423 3410
-5896 -8208
8983 5647
-8482 -2723
4619 -1843
5757 -9713
9801 -5239
-6671 963
-5472 3992
-1734 -8180
-5920 -5928
-3338 -799
-646 1601
-6280 9471
-5115 6825
-8783 1334
2665 9117
-3411 -2671
-1703 -3860
7579 6292
2347 -48
2179 -4532
7810 -946
-2708 9106
-9903 7378
774 8201
7168 7537
-1170 -58
900 -5092
