80
-98 -72
-84 -9
61 -82
34 76
-74 99
42 41
-12 60
63 23
-32 -68
-91 0
-60 77
-47 25
59 3
-2 7
-55 -59
-60 -55
-84 -77
26 -92
92 100
63 -43
-28 31
8 -8
35 -71
7 -19
-76 -52
-30 -27
92 5
32 -24
47 -88
-26 -35
54 -64
-66 -46
6 -33
4 -29
93 13
-94 -85
68 34
46 100
-17 73
64 -60
-44 -51
57 36
66 97
-55 52
51 -53
-23 -46
-32 -16
-93 82
80 -85
100 0
-82 -75
-81 -50
98 58
-73 -65
80 78
-94 57
17 -91
-41 -56
-53 20
-63 -68
24 79
49 36
97 55
3 26
-33 73
27 -30
2 35
12 12
87 -18
51 -25
17 67
-96 -32
24 86
-40 -66
-1 -11
-72 56
-36 -12
3 -84
-17 3
98 87
