90
5017 -2107
-1418 9012
9418 6808
5334 -5114
8046 -8730
3628 2264
6732 -3785
659 -1069
-6685 8824
-5875 4568
-2371 7116
-512 -5637
1597 -851
5279 9378
9274 -5916
-8668 328
4624 2413
4108 -8115
-4653 6616
6520 8790
7343 -7834
7139 5192
-4521 -2491
-158 4501
1224 1638
-6932 7693
3532 -3240
-105 -8005
-6576 1973
-5274 5617
262 -4979
5058 9599
2957 -3073
3595 9953
-2461 9406
4524 1341
9708 -8415
5347 -4733
6474 1435
5353 9381
-2540 7436
-877 9402
-8511 6397
5923 -8510
-9084 -630
-9501 -3582
9418 7250
3636 -7502
2960 5382
-9305 2987
4707 5255
-1637 -1113
-2559 4911
2823 -5114
-4136 -8821
-1453 3959
7197 544
-3032 -8931
-1424 5308
1852 1221
-7145 4617
9944 -508
8600 2358
-8247 -2586
8932 -6891
-3034 5355
7111 5126
9782 -6834
-6578 1689
-4405 2017
-4942 -6047
4441 -6572
-9738 612
-7803 7268
3833 2266
773 629
2384 -4783
3923 4213
-6703 4413
4341 -8610
2654 -6631
-4713 234
-2445 -2605
-5971 -3260
-3431 9830
-1581 8740
2165 -2056
-9076 -4511
296 -8338
-7929 -1780
