50
7951 5755
2796 8922
-9302 997
8096 -4010
7273 4304
1804 1807
2659 9991
7939 6927
-4801 8679
-1785 2873
-2566 3589
-6537 -1331
5427 3040
2049 529
-6783 -4458
-6025 -4115
9980 -4950
-4879 -4184
-9429 -6785
-1678 -75
832 -4085
-1305 4899
-8883 -2155
8067 -8906
-5668 924
868 -3388
-6346 1112
-6591 -4786
4792 3586
-6774 5334
4127 6787
-9319 -983
6964 300
6524 -9855
1395 8851
789 -8606
-8797 -6148
-8549 -8206
-6156 -2187
-7590 5677
-7385 6338
8559 4417
-8718 -6477
-9686 6363
-1666 -8627
2134 -6377
-4940 -935
-6306 2710
59 -9246
-7811 -8146
