800
-14299 33682 41041
39597 7986 30996
10126 1035 23170
-4002 -31083 1089
36124 3935 42697
22093 -29601 47041
26668 31782 77958
23333 7615 84781
-11730 7037 24878
31062 22104 5829
15003 33535 64877
-10757 -14232 74536
-10982 -23607 73368
-6484 -29956 63375
-17536 -7205 66350
-2728 19209 26396
-17506 -23229 83258
22296 -39182 45206
26039 -29639 36822
-8676 -19508 74519
28448 -29172 77992
-19528 -33535 9622
19559 34216 37162
-22313 -14802 90132
-2888 6828 6292
-21312 -25397 55282
31039 -20296 23089
-5730 19780 54248
8566 -1003 56712
-20720 23575 77976
33938 16741 31010
27489 -22813 35259
-19379 13086 5021
38079 -18632 89198
-17618 -8529 49734
4220 30683 96972
-25682 -35452 22800
2119 4626 95961
-35631 24906 27344
-10965 15304 58243
30429 16450 94894
31210 9020 5538
-1146 31386 88814
-3873 20145 67242
38084 29573 38078
-24529 -20161 65653
29903 -26535 42665
-23328 13391 86923
-29204 12732 39859
-31133 33913 29801
-23343 16353 21021
35714 -34263 69009
5318 25943 89940
-7580 21479 18894
-32072 24859 90903
-10684 29246 5186
33268 -12609 20916
15051 37779 89737
-28480 26399 42270
2720 30689 10750
4621 -3937 35761
26445 24730 43125
3941 20836 4292
-38016 -28839 78352
14247 -19057 906
11387 33656 14192
-10507 17676 29043
3820 38221 43075
-3586 7294 67683
11455 36259 56251
17963 28292 20602
23790 -35896 70020
-14495 -16507 76170
32392 7463 16813
25014 -5042 7292
-1901 36326 98927
-721 13363 89412
9905 6900 50555
25190 19864 42272
-11061 18036 89204
-13630 39947 23883
-37651 -26518 95739
-31122 6692 81311
-26768 -18076 14127
15482 -7529 91926
-2865 -27633 38029
15901 17685 69129
-20962 -2443 37626
18041 -30361 38001
18274 -17867 18964
34627 -13071 16460
-13182 11842 11388
-1711 -9341 77959
-18448 20757 13840
5557 8233 74886
-38420 -1408 61284
15355 -3568 38688
17859 4342 25324
-13234 -12984 63261
-29346 -39830 36046
23561 -9255 36672
-1144 -39421 90986
1827 29499 98468
-25855 -35575 35411
28756 1287 11550
25441 9065 33985
-25233 -28819 68608
-30811 39317 60516
7937 -39655 6582
-4585 10268 60915
21048 2756 32190
1008 -36327 31553
26977 19268 22988
-8822 -11874 26500
-3149 -20292 25904
-7796 26862 42242
32383 24844 17814
-5274 -33503 54945
39811 -10902 54894
39178 -6311 40761
19206 -35357 30640
36115 -13396 93327
33237 -38304 91958
-753 -36199 10137
31337 19845 79931
-26300 -27066 88421
34741 33966 42734
-13241 22361 72286
175 16466 46174
36713 -39093 13720
36244 6405 81276
-1769 -26412 73814
-3636 -35987 29178
-2281 39703 75241
16123 -30376 93958
38966 3303 60309
20421 -26640 74381
12004 1819 84335
-14888 12448 87325
15246 -37047 4073
8040 39118 39074
-38865 -3806 53008
9695 13204 23612
32803 -39106 3577
9326 10331 51860
10644 -34144 60027
-23104 -17743 82435
-32102 -36000 76351
-31395 38605 49664
-38532 -34290 60759
23188 -1601 43261
31237 -22981 21072
3820 10234 62243
-1572 -20221 99380
8584 9989 33844
1146 -19388 77707
2582 -34888 99605
16597 22563 56596
-5390 9734 35083
-4664 20381 98966
-26116 18941 14143
4077 -14570 97077
32438 22766 14830
-18669 269 33663
31820 33699 22543
-20092 -7689 56679
-9254 -26987 81263
-18487 21033 24175
-8391 4949 48477
29863 -5315 41989
39900 2955 52350
-19429 17298 38971
29823 -5198 90153
-17855 11423 22358
-9854 -35815 82498
31109 12214 34977
-32853 -12205 41202
-1600 -4480 2997
1189 -21824 5083
9374 -11855 5616
-17609 38037 17634
-28861 -36549 76462
32741 -2205 57767
26760 -27861 20078
3138 30840 74032
-5931 16968 50151
23918 -22318 87070
-28562 -14994 78929
28973 22967 9106
7895 -31345 93436
1334 17260 33374
-174 29561 55153
-25290 35049 13696
-9782 3867 56955
11334 -6671 89016
-22351 -24016 90543
-23522 -19760 18351
-23867 -12248 75700
24286 -5915 69584
-33976 -1885 589
28615 35332 5038
-6148 -39827 82967
-17206 25391 844
28118 8392 91583
8464 -20797 94149
-33650 9455 65624
30669 34773 23125
15713 8844 97069
-7191 -37326 17079
-4838 19111 15672
-16793 35682 44792
16090 28081 96025
15322 -30105 42393
-25797 -6463 32016
-22241 27537 15427
33919 31246 54266
37437 -36177 73543
-18110 15881 96834
7467 -8812 47417
5801 953 40190
38647 -25618 79378
-28148 32451 78412
-27249 6571 67359
33600 5833 99257
3142 -13832 18351
27843 25534 96085
2580 -6120 72939
-6426 -27208 62055
36755 37525 44821
-23723 -3129 70627
10380 13591 97102
-18903 35423 35297
11915 22698 41115
-27058 28065 42489
-2135 38041 54868
14036 25771 84087
24772 24351 19250
-31667 21303 83900
-29084 15418 71547
15504 10295 47401
38404 -22385 17492
10569 19524 45806
-16306 7484 80840
39706 -31209 53484
-12181 30303 31389
-34556 4438 59610
-29767 -34237 90682
-22817 -11956 32045
-32935 -27016 65681
-30469 -20260 91102
-11477 8375 71943
11690 -2803 76550
-35457 8944 41705
37846 -14509 93703
37298 4911 14500
-28565 850 49601
-25659 -29512 54666
-2035 -15466 52445
6710 -29607 98691
-29651 -39702 58196
-5075 -14457 2247
-10902 30931 5063
557 22400 2522
-37174 11332 28195
-14837 -8217 6937
5783 28843 89702
15958 24651 79407
-5486 -11553 48226
-13908 39812 70529
21433 5825 71274
11302 -13066 35363
21108 -10431 72441
-30333 2383 92741
-36646 -2587 7135
-32512 -5014 75294
-39518 35941 48674
36966 35016 5441
-6310 -27955 28106
-8977 4623 36692
-37379 29282 18121
36915 -27256 22533
3327 24544 98507
-23347 -24320 58095
-16112 -8209 92013
-23279 23035 41892
-21001 31247 93630
35370 -32387 70114
25507 -34111 22059
3731 32500 41888
-10009 -25914 27364
-3130 -17099 84825
-32840 -12778 8332
-14682 31969 90774
-8701 25945 72608
36359 -35086 32519
12857 -36817 13150
28887 -31884 81767
-8716 -28083 37860
-18025 25169 77829
26368 2663 74581
19205 -15764 62864
-312 1836 88900
5941 -32480 16169
-38529 2706 28431
650 27804 56054
-29365 -21127 65905
-19297 -36926 49443
-22535 25493 39741
-8913 -4839 96358
-2859 21687 9764
-28824 14864 27677
16016 -27856 6992
-30511 -5911 74627
18375 -5982 33001
13335 -39625 25050
-22797 3904 95331
31338 -18197 35718
19637 -34635 58243
-27852 -31068 43714
-23588 8766 42269
-24833 37649 82890
-14594 38194 18957
-17061 27945 61942
4710 -6567 75717
15585 33950 94199
6544 38395 6682
-33305 38462 45809
-16266 -15129 53696
-3214 -22837 17253
-16356 -37624 72536
-36272 38442 52442
-23137 -36720 9038
-35553 202 32673
-3974 15134 81814
-24294 -188 85087
-33238 21954 87455
16978 610 29274
25400 -22130 76237
23755 25885 68179
39935 -2557 35915
-17321 -13314 54669
2680 -12087 19775
25622 29037 77495
38330 34052 18001
30298 -6789 36958
-31608 8027 93617
33701 22141 82980
26358 24796 33388
-36707 -7479 97603
12745 1104 55658
-15601 16498 83762
-6237 -27909 40308
1340 2556 30102
-3157 -15974 11215
-38259 -9353 98473
13181 -28584 59200
26912 16580 66629
36530 9312 7972
37562 15107 85352
-1254 -20009 39547
35154 -21297 39396
34111 -9217 8519
8888 36318 11530
-34383 -9707 44167
5839 -17315 57132
29902 13338 77191
-9049 -3503 22040
-1005 -10916 22700
-16914 -30004 36902
27719 -22311 4719
-34830 -21909 70857
-26058 2588 45542
-25868 26860 41000
-8778 36066 91984
-37154 30455 54530
27060 22517 99983
-16068 -37013 24325
-16349 -20359 79027
-24607 9627 84006
29865 5632 35949
-10617 -3649 41402
10937 9410 6703
-34795 13492 82214
2920 19306 58771
-28712 7865 23971
-27218 -297 72049
-21800 12508 38073
9720 22825 77286
18350 -17693 84044
6880 -13879 87342
19113 8930 76870
-7794 -4746 79752
-12540 11305 38783
6505 29068 44826
28697 -29934 79465
8662 -13358 99078
16497 -24211 37357
-21468 167 60803
13050 10149 33882
2707 26302 21869
-14808 10975 38907
-19087 -8272 10723
23651 21093 33273
-19184 -27458 65155
-18403 -31279 52849
12384 -2467 6666
1783 25272 70398
-36243 18786 50749
35358 20421 4584
18102 4410 99182
25069 -22772 12868
17381 21386 42634
24631 12332 11109
30250 7911 19267
28313 -5468 38772
-37894 -25016 94116
3459 16349 22852
14479 991 97479
28875 27647 93267
29353 11004 66322
16738 6865 32940
15575 20871 49570
-21138 -29322 84846
39378 -30112 13297
29511 -23077 24208
32590 -13145 67631
-36283 -15086 98153
-19806 38010 4285
3013 26148 66263
6989 38529 46508
-17443 19456 92797
23779 -14590 69702
-15001 -599 64817
-25308 17483 68611
-18602 33300 71388
-18177 -20289 93700
19268 31606 20748
-22677 25961 29249
37415 -25128 77439
36517 23416 18183
31270 19850 33530
9775 -31497 48250
8955 -19349 8503
-5072 7473 96595
-17960 -31928 55037
-17837 16121 82678
16426 -9838 6872
12821 -37253 86222
4908 26407 51467
34606 28208 30123
33660 19715 94891
-22627 4603 83187
-5120 7182 52865
36387 -20181 25462
-19761 20785 21058
16424 28278 41790
23814 5438 73071
-10590 -20352 3722
-34864 6631 34231
-25593 -3562 89812
-28232 7148 7367
-23538 -30563 46504
-9603 35329 48801
27543 23127 63112
-35983 21837 69372
25245 31521 92445
22855 -22824 39601
28461 -39091 57914
-26725 -10997 10248
4222 23077 61099
-16438 3676 12046
33128 19147 52737
-16174 -23345 10965
19308 -34850 629
27718 37138 79308
12974 -32033 68973
-1858 36011 6485
20308 2466 73856
15887 -165 32368
30255 28905 61211
14201 -23190 12872
19566 6358 87010
37693 -31893 29763
19491 12216 21260
-36612 23514 52725
-582 9225 45961
1979 -32914 22734
-8249 28367 43479
-20641 15971 82063
12946 26375 90632
-10031 13303 11227
-15899 27350 29901
-29745 -4960 41290
7209 28115 54983
-31257 18324 81279
2647 -6042 67285
-37429 -10214 69667
-35223 -5672 68345
26188 20545 11764
20131 23905 11401
-24172 2733 18107
23831 -34014 41019
8639 19453 41282
-26710 24647 42085
-37458 4265 67772
-10400 6842 16555
-13264 7015 22198
-17370 27774 31243
-9535 -34252 28098
-37937 -38723 8396
-21671 3538 92886
-278 -7049 11748
-36799 -30440 63215
9532 -13572 96697
-4623 31132 86130
-11436 26648 66278
-10386 9903 45372
39131 31575 2514
-14800 -619 74198
-735 -29647 85360
22923 4540 40059
34081 -36896 92224
-23422 38011 51891
-1021 -5820 78840
1947 -20952 14591
-1190 -34776 43462
38120 20309 78167
3234 -21545 12338
-7148 11625 94798
-4170 -26480 17588
-665 1576 35659
-30677 33181 93358
-1342 14651 67939
-19335 18359 58516
-34212 -8184 69019
288 6773 4252
5135 39629 18248
-16324 -23482 80714
35165 11445 40129
-36124 34629 94571
18860 23783 88538
-6364 34897 96223
-29059 -29902 71957
-36034 -11453 17977
-20686 38510 16036
3499 -2404 85123
-18519 -39008 51456
-29644 7876 86836
-20828 13188 14234
-26201 9915 41668
-9991 1730 77412
20021 -27134 31426
-6061 -22366 27320
-38564 1427 96141
-21422 -4578 77862
-24798 29251 47708
-33323 15490 56707
-13882 36000 57056
12045 -37857 29059
37461 -29554 23800
-23456 20236 14964
-8503 -38293 78282
-34150 27213 20875
-7894 -35481 35047
11839 32130 94472
-6706 -17904 50153
-17753 -9735 16519
-21175 -30267 54202
5006 -3195 79741
19473 -14970 37543
3584 3833 36859
-18985 4019 81764
-37604 -8797 21130
13607 -36015 26273
-25176 -3941 65182
28644 35034 91973
2031 38289 8563
-34164 33932 20398
-19456 -3878 20369
29234 23663 37284
-2870 -12517 90277
13522 -5199 99083
-36554 13798 4272
13208 24025 3000
3794 2649 70143
26847 -4120 3730
-15071 6320 31694
-32794 17649 11697
1742 34742 39257
-9422 -21277 95931
3033 -24435 31823
38419 14962 37836
-20258 -11770 53431
15282 9706 98515
-4851 -16462 45831
9334 6201 76537
12897 2270 76884
-15032 -36350 60851
22193 -346 53884
-12811 11211 72323
-27377 34447 55977
-18531 -18502 50159
-12713 36505 82312
-9445 21280 16773
-836 4856 98220
6988 9120 2062
36061 24587 81255
8195 35704 27911
38496 37110 23158
22243 -19160 81725
-6173 1211 27902
7678 -10421 28162
4529 31265 36961
29822 13499 78416
33303 -23559 19178
-12798 544 57193
-31757 -32651 89745
-32777 22743 74425
4514 -2147 46709
-957 1390 96409
27528 -34775 44966
-29705 22204 17453
-9389 -19022 13551
-38691 7334 99159
17494 -34521 58099
-21972 -34300 29816
-15647 22807 53997
-22481 -14041 58728
14476 -36182 26430
-18811 -22659 48987
-36674 -21533 30470
-34603 4220 42095
1817 -22453 46699
22469 15600 90512
-25483 -3551 33251
-6094 8582 59890
26868 -20661 41700
-21616 -504 58612
16993 17383 32422
-19538 -12702 58841
-39701 -8114 28378
-12982 -9926 10319
-22470 25897 21428
18223 -12621 52499
25344 39829 56904
8306 -8820 81558
37425 23419 60377
27229 26799 32332
-608 -33580 55979
26542 -36831 87935
-34205 -10993 89598
-18953 31556 30420
-17102 14619 85306
14022 2920 29481
2659 9271 87256
8777 26982 39016
6651 24937 15066
-35642 10652 45888
9013 -27282 97864
-28754 35510 56979
-31169 -22654 42592
32586 -17646 98291
-24169 17204 57571
-25271 -7067 74471
8215 4851 92451
-10537 30538 94016
-5818 31900 90059
17580 -13387 4419
29320 -24923 41085
14408 -6599 20942
-29554 -22317 88781
2634 -10000 94495
-26888 -4972 6860
-14938 -17935 35498
-19892 -5750 12663
22928 -17861 7082
-22272 29762 53768
-22004 3098 69544
-19284 -16660 88131
-35044 16550 3128
-15998 29926 97156
-17174 31898 88306
-34290 -33481 75374
10695 12326 76271
8395 -2363 31527
39729 -18316 1895
-37589 4900 4953
526 6428 22219
-31646 16442 28971
-6924 -2023 51874
-25312 -35393 96241
39848 24934 28095
-19372 -29500 85464
-35819 17273 14665
34313 223 87987
7311 38500 16862
33664 6186 55365
-8706 14826 23401
-38561 3494 72021
-35838 -31476 30445
19610 -26178 59561
3980 -29364 17208
6188 9218 51569
19251 22076 94077
10750 -22968 79948
508 24009 39447
-22052 30930 15118
-15709 39610 11489
84 -331 44304
27422 32726 44403
-38534 28650 73609
-19857 26410 85526
3559 14831 16732
16106 27400 1437
-29199 14911 66069
-966 9033 75943
-25489 -5880 49687
-16411 16215 12525
-1927 1276 95107
-20087 25905 99291
38262 -13754 49640
34701 4143 34379
-30581 -30801 88168
9506 30329 42990
32724 36236 77168
1076 16897 19893
33826 23615 49014
21345 -12272 20311
13398 35516 65843
-23061 -14677 14223
19455 36377 94966
36475 -18523 73829
33383 2094 12587
-34545 2990 52603
-19436 -19545 51893
37927 23348 61986
-9559 -33242 25636
-15168 2523 33113
-3449 -9988 60292
-13034 16568 45093
-438 36410 99810
39897 30872 79162
34543 -6989 89723
-4888 -8460 94598
-14851 -7072 60895
-39678 -31430 94093
11827 6804 52682
-23485 -28556 63535
-5781 25586 13452
1453 -11967 44566
-35345 -18251 8109
-19695 -14032 95034
-10833 14952 47702
21655 22328 57627
798 37491 33384
17603 -31350 56011
23781 31396 29559
-6835 -19861 35261
35604 4345 14727
17473 -22331 45193
21117 -31464 30089
11826 4114 50955
29086 39891 71647
19795 -24421 94997
5334 17236 15289
26569 -38540 2468
-10867 -35282 60099
17985 -8759 32186
-38128 16257 93351
-6837 -8508 79120
23022 -38549 82800
31591 13244 33554
5471 18249 57722
36779 -1241 20684
36809 -10094 83477
19460 -15718 79444
-37094 -8244 58016
-10241 27577 47914
-16523 13468 10748
-13313 16099 55639
-11548 -29704 4634
-39553 27020 62048
8859 -20362 52369
-12196 -38637 24565
15343 27569 29565
27561 17387 3028
-2973 -21849 16646
-4357 -16930 32569
-17335 2804 60611
-21146 16649 91467
25979 -266 96730
24086 -34327 34352
1816 34941 75554
-3387 -10839 77628
4118 -22442 80260
9707 2957 54870
12012 -3930 92572
34885 9238 39187
9428 -29626 77708
-29579 -36332 79452
