1000
-2218 13887 74816
-35050 20787 89005
27750 -3055 99775
9216 22181 42869
-11964 7707 43851
-16086 -14645 5205
-16265 -7374 32280
-29561 4094 4643
10174 26489 34937
42935 9736 75550
4218 -14487 13993
17195 73 32435
5724 -39799 30564
-10210 -8257 77080
-29467 -6122 98866
-25604 -39843 14884
27164 26905 72500
-40775 -32886 7746
14828 20117 14987
47540 -20014 3041
-8789 36646 51010
42187 7650 69588
-2394 -8547 20301
-26408 -11933 69866
19058 -36215 51745
-42875 41110 32246
-4352 -28708 61617
47959 -22010 89568
10499 -22972 93860
2203 -9782 76308
9090 -49225 26240
-22236 7179 81727
-9690 48126 65649
26452 -18511 71270
-13744 15219 14601
-48096 26265 25845
-2786 13881 43617
-26134 -41926 31487
-9227 -17914 58533
15955 15108 20078
31110 36645 83152
35989 30015 16604
32474 22464 34207
-9187 22397 81021
36150 39538 16242
-25337 6469 47410
35029 -17868 23340
-28024 -1446 39963
5515 16288 75960
41107 8952 5336
37982 2437 37795
37880 44825 75517
12544 32931 55877
-39925 -39504 70593
21316 34608 50530
-25439 3165 22527
-36313 -30651 63967
9776 27740 72891
47683 24354 96743
-9457 -43699 77657
-25389 29893 78192
-8794 -25294 55886
-16606 26019 87638
-19154 18175 3371
-23030 16151 8671
-39235 -41571 47215
-32614 34354 75010
-38126 20145 88698
-38461 -1026 96781
8275 17963 3962
-47878 -27359 71048
1758 20557 82849
10925 -6011 71456
8896 15484 56043
-2315 -24322 33443
2436 48721 79913
29949 -31064 91447
10272 -8067 61654
-7260 -3836 11568
-20761 -39762 93637
-48267 36589 22869
35539 -44228 34545
-11497 -26882 76531
18217 5484 62934
30054 41382 30732
-33012 -47438 51210
-36839 -45789 36732
25111 44069 6660
-13639 17963 80510
-25332 -21547 66574
-33904 34164 88972
-32907 -6207 8866
-46968 8833 20921
35602 18230 56495
-32705 -17133 51983
-35576 -30998 53926
-690 -14169 62128
11627 31965 72542
29746 6269 44035
35397 27529 75998
21937 -28358 65529
-26332 31850 22548
12919 -27421 43789
-14704 -47650 71614
-44402 -41503 3469
-11198 -16219 91017
41583 5835 97676
-19675 -46028 21458
7611 -11462 59437
28194 -30266 62425
-24141 -48657 29469
-12264 -36807 33238
47508 45545 98539
27005 39666 98382
40086 -633 51936
43847 9710 84957
10905 47003 34386
-39282 28131 42319
14718 2732 26771
4674 -12126 31549
45136 6728 55778
-9565 -46250 95855
11008 12898 50883
41599 16584 89248
30543 42035 51776
6791 -25551 69297
-14781 -14073 23568
-4357 26418 70993
28320 27245 9715
39086 33629 12102
-22069 35527 35360
-29231 -10133 3561
42075 30608 57792
-47587 26184 92564
-40922 25721 92739
-42791 -33152 4814
-43057 23016 79878
32943 34054 3467
-38696 42595 67946
-40648 -22692 44832
-43775 42015 18463
-39111 -40441 79344
3108 16818 25230
-6877 -12761 49558
19463 49486 55808
-9240 -23580 15834
-42068 12439 21575
22275 -1927 15114
-12254 15283 44602
10511 -2609 11791
36503 -42358 47293
-37591 4806 4948
21054 -12320 6321
-1690 31848 19117
-6632 8187 82545
33163 -40727 45721
-34682 -45677 59922
17247 49444 8991
-47994 30787 74933
23052 40378 27534
-47074 -7032 2759
-19018 -29701 88893
46455 1869 39545
-25963 -18717 86016
37650 296 52803
-36785 30483 16582
-2288 -15147 26705
23387 -2527 70120
-36835 -20645 40953
44093 3073 75381
27406 -36612 88263
4351 973 38529
22861 -16844 41864
-19604 3884 27243
20876 -11854 35955
-13550 -25162 16074
-3028 38386 47949
-11233 -36284 32079
29374 5929 23501
18695 -5764 66361
-26868 -31136 50818
44892 9844 53884
-35780 -17853 22367
10572 17862 89189
-17221 -22111 27605
17222 -39955 94697
-10439 6248 43683
7751 -19579 92921
-25863 -7518 56204
32941 -37306 41326
-20370 10350 39938
17156 40598 47183
7553 -39203 52497
-44458 34130 2473
3120 -13551 81839
5593 27656 64729
20074 -6354 9016
47982 40565 27680
-6519 33633 43804
-45306 24006 4944
43225 3729 63645
18319 -6547 29140
-19783 -12725 62126
-30566 -36437 17263
46474 -25211 47928
5307 2425 96847
-13150 -21769 17151
-46800 24056 62574
6706 -34689 82639
-25658 -46460 29116
15357 34281 15993
-39668 -43764 68
-37728 -1286 38854
35338 -25921 89126
41741 8024 94646
49982 -42323 92293
49509 -39932 12539
-19081 8380 11163
-34927 34746 33771
44681 -402 99495
19954 32457 17964
-33224 -1685 39373
22441 637 72149
24150 49253 97006
1137 -23341 90975
-27374 9333 56941
14121 33090 21757
37290 3220 43324
26821 -40112 20594
-39340 -41658 53993
-21103 49254 17912
-27977 -14410 68398
17190 -18949 13522
7827 47979 84387
28461 1609 86016
-24983 -44352 95884
-48776 26495 15872
-5216 32293 48320
15393 -7413 11593
-671 39965 10418
-5429 21179 54794
22766 1955 59320
12257 -32206 84553
-44634 -14415 58153
3542 21607 31077
-40251 28838 95105
44034 -4335 16195
-22670 -32129 21692
18305 16097 46517
-45314 -11473 93505
28784 -17175 86600
16299 7833 5983
43410 -9476 15833
-18964 32080 95806
16340 29978 4827
-40256 -15397 65636
-4963 -18852 30278
-27630 -25611 12974
-19817 -5614 77470
-32685 -14038 47357
-28428 -6410 38360
-12650 -9804 97240
2244 -47283 39705
-7767 -14665 68019
-36935 -36329 19458
-8438 1061 28181
-406 37524 70884
-31339 -45730 90658
47383 7943 97026
-14330 -34355 29202
22720 41279 57505
31212 18453 85811
-5154 -11864 10064
34747 19110 19445
3281 8423 91933
49565 -45286 84468
1274 -10065 68386
-23755 -47505 75534
-49913 -13735 81213
-49148 49252 41780
35649 4514 82048
16751 -23429 87925
-17342 -39870 995
-6487 32244 20393
10737 27154 96523
14953 23100 66948
-4319 34907 86549
8403 17729 59662
31565 49776 96055
-36546 5475 54419
-10086 15508 94825
-2597 9585 24803
16763 36013 51714
-12166 -9944 22742
-17508 -49604 13052
11489 -21878 72653
-49701 3971 30781
35970 42566 5216
32688 -452 52191
36487 -13101 66064
-7123 19100 86000
-27411 38489 30248
29311 33479 11843
22392 -2168 42179
13155 -508 91784
-43549 -28179 19063
-35406 46626 75575
39905 -14671 16305
-42171 -32785 94172
1714 25451 90226
1508 5740 22214
47729 -31114 83106
2755 -23435 83070
-23071 15358 41885
34676 25257 42800
-21682 41085 61291
27699 -31425 36810
28360 -14113 50790
-11187 47844 45175
32206 -14354 58096
37843 -46705 74208
-20306 8378 91466
-110 -25287 95651
-41330 -17675 29093
8948 9777 16665
-40951 -34839 72999
19794 -13169 70553
31165 36449 95246
-24954 19036 52986
-24934 19758 79993
35080 -36770 44650
11877 42773 99732
-9154 -38525 70792
-36532 27061 36869
16190 -32526 50375
31092 37141 30744
-31053 9880 52135
-16679 34661 93974
-8164 -14819 64077
-29150 -38581 20947
-3376 -3945 77083
35697 -1746 48951
19994 -25942 68991
-18719 -46258 39503
-45947 37824 12609
-20734 27924 11060
9920 -17834 35911
6885 43104 86617
36349 9023 60667
49355 -14579 77964
732 13111 68157
38286 21587 80859
-16123 -28240 72998
39892 10226 25159
-35251 13917 78224
38341 37481 13707
-22516 -33560 72058
33431 16838 73895
-25571 -15445 72226
35670 -43779 95190
-18881 37682 24116
-38359 44926 28911
10146 18511 4666
-43441 -45706 63750
10796 -17329 65197
17277 7647 26133
1673 41934 53741
41895 -24853 62278
-37359 15182 3744
3629 -35561 95235
-42127 -34206 28740
-31477 -17991 88642
35678 20009 17487
-10915 41991 10906
43346 -470 77792
38760 -14391 98578
-11336 -41462 89527
7015 11228 331
17790 -35541 3031
32500 -936 13087
33101 -10342 36361
31932 -28325 33338
38158 -36091 44656
-14975 -4018 84900
-11380 32467 58806
2024 -5544 75597
-28358 6626 8357
34986 -33641 51660
28668 -31079 83547
27350 36826 49984
26718 4107 58566
13878 -20476 29291
-47419 10482 42432
39475 -5285 22552
47776 14170 286
16819 -15283 9609
-20012 -18480 20014
-9999 -43228 12027
26523 23624 39707
36342 49387 32384
-44262 -18564 94063
-5638 -27157 75513
41272 24735 76547
-20392 22902 55552
-20544 31565 44804
-45293 10221 4681
-46211 -5440 11832
19600 -5914 68718
31746 -14192 42266
2199 -8877 50293
18104 -30202 72971
22851 -20244 31681
-27905 25817 8491
31856 30039 72429
46018 10945 91038
41126 24248 35136
-28803 -7102 26578
-40778 -18946 87553
36257 27682 23165
-37056 -6556 58749
-40357 -49704 71540
35863 -31514 61222
10436 23317 33170
45519 16540 26724
-6255 -16333 38963
31026 48753 47143
-5864 -39945 96438
26531 6696 1177
-42071 3730 99562
-22897 8984 13731
-16868 45285 14583
-31684 30080 70420
-4421 26888 40742
-44695 -48995 12253
47517 18453 39866
979 44935 4904
-35572 31283 68908
-24160 37352 50093
-18649 -8506 78999
-44259 -15214 72048
25249 -6808 76227
44595 -22150 40725
-12281 -2735 38681
-43805 9773 5708
38195 29678 86842
31985 -16925 98409
-15183 -21205 73655
45711 -38838 16624
18215 -11544 39950
-27535 46269 48914
-7727 16842 46368
22007 -45350 60782
285 40007 38649
-3809 -12399 2682
-10782 -39636 91499
-26009 -42230 45523
-24894 -46076 63569
44913 17600 88006
-23934 35551 84347
-36136 -49035 8216
40470 -37138 88144
-23089 -4517 98163
29074 18147 72255
35513 35331 46772
-11335 -41232 58496
-38513 39820 50753
5280 -1565 80058
-29254 27772 48151
14980 28246 72937
14554 -33640 85739
-21950 34395 97246
39942 -36364 41338
-20882 20052 55420
-7811 -34344 26781
19318 -30407 74654
-3704 34157 36915
25795 -23957 35165
-11703 -41595 29989
40562 -38643 14297
-32825 40849 18590
36957 499 37652
34770 -11327 27142
40154 -9861 51658
21006 -34362 72737
-35519 43085 76831
13792 37712 82224
-4201 -37664 31040
35384 -12018 87375
-46690 15569 22491
-36022 5396 4318
22041 -46745 56019
15258 32848 25430
-48182 -2822 79182
-12706 -9520 51097
26200 -46691 60703
-31390 -4482 37444
46713 -14338 39429
16751 28927 80622
14067 6287 48966
-48469 21400 67376
19963 -39143 98314
34287 23049 97503
29861 -24331 70827
15989 -27320 48484
21982 -3192 21619
-18607 -19304 90492
2088 25876 22513
41578 -5358 66052
-17048 -46769 53801
-29215 44133 76201
43070 -3641 22676
-22552 -20289 19551
-14628 8832 56044
7818 -32230 22340
-38917 6939 61201
2153 -6750 66045
5905 -23800 36909
552 -29749 43412
-28172 11104 76341
13209 -20832 62664
-38261 12773 36993
35582 -30715 36158
-5477 37675 67093
30662 -2717 52685
-2758 -38794 35263
11824 -5875 74731
2001 -4472 6751
25787 -16261 33676
7104 23255 8736
-1761 24989 28790
34550 -15699 37806
6047 3503 55084
-18729 41051 52633
-19423 -5460 12462
-43265 -8632 34696
-28211 13102 90584
-44469 29640 58890
28278 16042 97307
-43828 27847 28480
-34317 -23618 89827
-33142 -49519 44031
32931 -45565 74193
38056 -18145 34469
23769 36914 79416
28967 31769 76305
-12435 44387 19920
-12087 23964 68130
19347 -9672 16928
-44089 -29072 46989
3659 38461 12269
6365 11702 79079
-7890 -26348 69066
-22397 -26233 70343
-9503 -37647 69201
34598 -8386 78755
-44317 30975 33128
-8654 28034 254
31512 -10205 6057
-15416 -2848 24523
44055 -24918 89882
27959 10404 11607
-32722 40210 322
-33765 18297 73525
-49932 -37242 68094
-41402 -27387 66039
10823 -22865 21212
27674 24653 34737
-3154 49796 76694
-25810 2186 94567
-7582 -31482 79418
28373 -31248 3803
10455 13467 64587
-41373 -11023 66564
-11326 -536 49813
-19531 -23921 70310
-31642 4708 83059
7994 -7794 6214
-16318 16351 15906
34587 -3085 33120
7459 6230 86448
14484 -9636 48308
20174 -25209 44539
19743 14042 74166
15944 22287 59549
31950 -34329 12230
-4573 4264 32104
-45306 -2420 2615
-3489 13636 70343
25713 -37693 7355
37366 21857 33994
-34017 -38292 28452
-18862 -13799 83794
16780 -47183 50491
32365 -19671 23132
40008 -17777 69669
-31177 -22777 64358
18589 -13042 42660
19679 6751 49209
-21559 19442 41362
30782 -30909 57575
-17988 -8777 28133
9334 48658 61698
17516 16184 69288
-34605 -27652 95062
-30601 -1877 96333
-36218 14429 46289
-23325 -45451 16430
-2222 -26800 18430
29619 -19245 97672
-28038 26864 69314
-27220 -30848 63776
31709 49720 64888
-28481 -14472 52929
8650 18762 26347
36146 -27011 70557
-27331 -48920 66532
35652 -27246 70274
-277 19902 55672
42213 24120 85307
36530 37578 59309
-13136 -6666 27024
23498 37454 75346
40015 -3578 71943
-30208 -48029 38189
-891 12217 46584
36846 -1729 77204
44565 35815 62470
-34761 -14880 17413
-30338 -3513 32654
-9762 -17326 55014
-31002 -49714 14818
40339 -49902 1046
9072 -41123 7975
34363 -25051 35146
-15727 -27850 99289
-23952 -47573 64420
-42896 -18208 15575
27675 38497 87459
1497 29291 73203
24313 -44484 5797
-20230 -1500 83118
44910 -37821 26122
-9077 -20574 48896
47357 -32552 71529
27296 -49025 69112
-11079 37761 44674
24617 -23023 43711
17063 -10328 47518
-2101 14209 79068
-39877 39354 59390
-30190 19843 7520
-43242 23072 41
3159 -1689 90250
14892 20784 62282
29331 -45279 5548
45527 -11249 27253
-35999 43806 53753
-10539 -37458 76801
42766 20636 48686
-42011 -17835 43
-37892 -8447 39179
-35428 24210 64199
-34270 18396 58289
-38984 10324 53905
-36527 1628 41944
153 -23220 78490
-48114 -46208 55542
-22855 46764 44608
-35538 8861 5784
-16498 4335 15007
-2789 42870 73970
40809 -40541 11889
523 -29704 49510
18436 -9903 117
-17102 10448 25070
-32949 18199 79803
-15812 -4088 61080
36222 -21966 10762
-1442 -1886 52869
47078 25403 92760
-4083 -12798 67660
12893 37017 88925
-4640 -49353 64917
-12255 26930 94190
-24899 -24065 19896
49740 42063 1121
36595 -47975 51723
-23067 44623 90782
10146 -36506 49471
39648 -2697 87350
-17711 25711 92360
28981 -15170 46157
-23848 -11436 28926
-38567 29959 91914
-25723 -39452 75042
16958 -40122 64148
9594 49617 41310
-6792 3390 21482
10478 10232 40329
-23469 41740 9441
19406 -2892 43345
16502 -7954 75310
-25649 43606 5179
15711 37039 42812
-14120 -22198 19476
-33224 -38253 73251
-42926 -42942 61467
-22411 35319 20477
-49932 -44003 11799
20298 26202 54590
10296 45940 83376
39055 -23695 47689
-23000 -31401 56734
2596 44970 85489
7767 31948 88214
4559 17154 40352
2750 32527 68326
-8944 20809 70866
-34666 -5915 18599
-16285 27621 21013
21148 -11907 41233
21872 -30387 18222
40277 27854 36206
27931 24891 18104
44962 -26685 95294
-45453 -29597 54593
29598 45927 86570
-13010 -12089 24020
13754 20678 57611
45234 -34154 70580
18276 48120 69975
-21194 -5746 7929
40259 -43949 8304
-35941 -2147 1126
19080 -4748 28069
10380 -24961 12398
13811 -49680 18296
31052 -22255 84721
45922 38765 21135
15527 -47628 42248
12735 -45052 22948
-23101 -28427 96161
-7534 -3248 69262
-32461 -19549 96426
-10034 5254 28595
-17904 11771 29088
-35849 39583 30232
12362 4559 50067
39426 -3457 24347
-11189 -42288 30925
-35190 5873 93069
41347 -43785 99285
41811 12711 17182
-41026 -26288 57987
10315 -10369 31580
46990 -21477 17741
-25627 5792 51461
-44228 1187 54938
-25628 -9116 77760
15797 -33725 33639
-41272 48588 4701
31848 -21070 90464
-30979 39104 78420
-9993 49134 79987
36462 -12304 51359
9261 11404 12968
17251 -47226 83066
6126 13050 82956
-11639 26244 24305
-13421 14828 6213
-44010 -44558 47692
48646 -27414 98139
13572 -44074 66493
41419 32370 37910
25889 38429 2300
36200 -37641 43067
-20186 -43648 34899
-4660 14469 74693
-20900 -22351 325
17099 46694 83680
-45014 -47123 87410
-32831 -19089 4528
-40218 -49228 11356
2676 -42120 59843
-1212 -33042 65251
-49726 6992 24374
-22562 -39491 38007
32799 -34159 58418
-16095 -28556 5169
-44341 -16327 13955
29371 931 83727
-20592 -8038 16971
-1164 -9237 64622
32000 46181 29807
-11373 -47572 97422
18686 43979 38122
27116 21007 60931
-4776 17267 31661
16354 -7563 14396
34672 5264 14072
-480 -38090 69137
-16230 36232 93265
37277 45396 37832
34676 49568 92170
-42087 -26283 30969
-15085 -26897 37828
31727 -29491 1284
-24280 -29659 65461
11077 -5855 20759
-48193 -31231 12545
-6952 -49557 3671
-3431 33353 76455
-42853 42902 34382
-48399 9898 11964
21370 9643 59599
36419 -16232 36478
36737 -45555 64320
-7700 -49876 26160
-2895 29510 49838
-29480 -28927 96679
32632 -20909 80196
24317 -32068 54468
-46814 49387 56847
6992 -17351 40344
24384 18424 40354
-24561 -23264 3261
11666 45549 87087
45085 47209 69214
6970 -37810 13474
8440 -47972 89433
-6833 35891 27384
-7362 2209 91918
2046 7130 37501
43357 -12341 31767
43711 8297 12155
-9419 -2531 66836
13217 45999 6217
-14834 19181 68189
44177 15930 44774
-24111 -20315 39933
-11101 26972 76930
47168 -3929 45661
34944 8538 29651
-17836 -30157 35652
19815 -48331 89260
-28785 -1165 49461
-9114 42084 46486
-17557 -39852 82347
-20337 -5887 9429
22391 41772 77779
27739 2925 5900
6919 24480 7845
-12686 49425 95153
-12661 20770 79422
17363 30238 80419
-8927 27063 49330
38564 -26780 94688
-2289 47115 24503
-45782 15444 46933
-36611 33632 88318
48224 -14452 38645
-1599 -38403 73234
-16043 -4256 81873
36356 48829 83834
-6209 -49777 91702
-40156 -34457 59848
25888 -33478 41600
-5785 -11236 19385
20752 -42252 40825
34055 20401 83553
-33966 -23186 31152
-43258 -21347 15044
-29250 -46048 65729
-45391 -25614 34207
24820 13031 72295
-34424 49842 84323
35971 -48863 27732
-18194 4609 27338
42712 -40574 59666
14185 14990 48045
-7643 -20638 4217
12045 -16467 10728
-13196 31388 61656
447 -7967 31346
10703 2108 42695
11260 48191 34888
-26295 20907 58247
-34889 30775 73754
-25172 31732 60002
41765 -34909 22349
42229 -45289 18255
-26379 25902 81244
37187 -7503 27596
-38241 -7836 9483
43255 39499 2514
-25030 -10007 90054
20047 -24958 62936
-16776 8670 81360
-7809 -34253 48312
2283 -49643 53755
-13704 21547 41239
-28592 33119 40555
39686 -16672 82965
9264 -20697 53362
39760 18257 6889
32668 9365 97371
-29045 44609 16616
5251 19275 26416
46308 -27751 9160
43434 43403 81161
-22260 -7824 99945
13003 -1403 68726
16498 19955 54111
-8721 18037 60606
-38041 -16772 4762
31518 -45157 16278
-6578 5128 13731
47970 37651 67422
2128 -15362 19933
-9541 49546 80641
32194 -21783 67495
-16014 6725 31579
37737 -17946 77609
8837 33363 85892
-20006 -7258 31342
34717 29812 89485
1633 -38175 93007
-25863 4634 89529
35811 -11732 8794
-4087 4889 6075
17716 -44872 73125
13102 -20417 33213
-47713 38607 6170
-49109 -18037 94662
547 4333 80555
-39358 -19171 57873
-20802 48316 38357
34471 -6017 1041
-26302 -39772 73259
8703 -17672 26168
18127 -20826 21138
-47644 -45445 5418
17869 22732 97910
22126 34258 74503
25892 -48257 23556
-2751 43007 45984
-15118 -20857 42151
-3921 12440 2214
-5135 9081 2148
-31218 -21843 27286
29781 16790 46644
44123 -26255 89224
33184 -29496 53305
40977 -47988 37234
40240 -5691 68164
45615 49730 36322
8372 31801 11015
37611 -41156 95091
24131 49414 38848
46070 -13075 94770
28314 21453 33415
4527 16495 95735
-23210 28595 32421
4359 35816 71761
-1474 5833 75561
2550 -27978 65297
-6839 34027 55231
28143 36705 99228
-30018 -4633 12156
21554 27838 20965
27701 -32631 57837
-42851 -22193 75617
-10060 17616 60294
21134 40996 83962
-2148 -23948 17520
12237 12602 32978
7245 -14948 89220
34489 375 3723
-17028 -19953 79136
28931 22831 64095
4047 -19249 23579
-34683 -6735 65395
38084 -7328 78075
12057 -2251 49593
-4293 48805 23076
22694 -34601 1332
-38691 -14045 52492
32511 -32000 70023
-31362 -22825 91084
-18031 43304 68350
23999 -38519 23849
-1340 39382 76270
-31088 18894 83611
-25757 -36805 28756
-9602 -18072 41541
11168 46667 1067
23391 42862 28264
41481 13077 26773
-9797 -20063 63511
18804 -41634 69408
