500
-2092 2360 3422
1006 -1675 9562
1470 -719 845
-1430 505 9414
-2401 -502 9582
-2293 -142 6007
2432 1893 9341
-2869 -2113 2884
-1694 1839 9560
-499 1077 2862
2459 -2661 269
2931 -492 8905
-237 -912 3381
-1349 2013 8112
-1113 228 5821
-1658 1273 6255
-2888 -283 4341
-919 1590 405
356 2312 7485
2195 2351 9460
-1011 679 2639
-723 2102 2311
2327 1190 4273
-2841 2258 2805
2024 -642 6041
2356 2257 8146
-2754 -2035 9953
1926 -2888 5336
251 2698 8766
-334 -1671 167
802 319 4345
-1147 627 5722
-139 -696 2116
1714 -2432 5603
1899 1716 4751
2175 -751 272
-2333 -849 3438
1880 -221 3249
-1297 -242 5222
-2504 -1527 1373
-1262 237 4584
-1895 2634 8393
2159 -2248 4491
-2670 2398 5604
1888 -951 3422
2361 519 6840
-404 -744 5571
-304 531 5965
1292 2901 2714
243 -1954 3986
1043 -1950 7250
-482 1158 7841
867 416 4128
-75 1661 2831
198 -850 643
914 275 6905
1342 404 7559
2460 1876 6481
-51 1113 8995
1835 1736 6003
-2578 -2927 9329
1077 761 3093
1010 370 1484
-1786 -1470 7728
1649 214 5789
-1415 -1517 4907
2051 -2935 9207
-512 -1753 0
457 1735 375
2063 27 55
1482 -535 7893
2045 -346 5501
1934 -844 2090
2968 522 1563
-2301 -959 693
-532 532 1698
262 538 3938
-699 -2729 7099
-950 -2491 412
-64 843 4659
-2602 2578 4102
-1585 -2956 1850
1366 -495 2591
2731 -1421 4897
2671 -2678 7950
1540 2786 4572
2778 -123 9748
1597 2565 3467
-2387 1028 3898
-1517 -1827 4592
223 912 1099
-1385 2284 7838
357 -1418 5656
-392 -2002 5249
-2421 -1902 6179
1034 2277 5226
1413 2370 3800
-2432 478 2585
2 1422 6594
-817 -1537 7511
-1362 -687 1175
-1150 107 3795
399 -2206 7351
-935 -2965 5322
-1718 -1419 9384
1140 2990 5187
-2991 120 6986
-750 1795 1578
-460 -1411 1913
-2944 1032 3858
614 -2294 9257
-1173 413 3475
-2158 -1546 8755
119 1094 1503
-2221 2755 2316
417 -165 6915
2332 2744 8508
248 -1143 8069
-456 42 6275
-756 -1199 3723
1438 -1592 4160
-2282 -2184 2482
-730 2280 4942
1912 2252 3334
701 -1383 3859
2793 -2991 9350
1058 -277 3373
65 -2803 4192
1455 -2946 4495
1080 -622 2929
2667 2662 3512
1516 2745 720
159 2654 4648
2894 -221 9634
-2525 1163 4144
-2566 936 5359
2377 -101 9921
-1106 -2009 7877
1535 -970 7285
-2346 2986 6931
1597 2243 8727
-2510 1044 5529
-1300 1357 9652
-1450 -1467 5901
1574 -1542 1071
318 1466 7631
2869 407 3255
858 355 8209
1984 2483 4580
-748 -2873 4595
2854 -2703 6532
350 2826 8624
848 212 8018
2537 117 3055
-2175 -1987 8616
387 2763 6548
-1857 1391 1181
-2263 -1892 474
-1238 -750 3330
2857 -450 6863
-2780 -2517 4480
-2118 1789 2864
559 -397 8287
-150 -1809 8747
-556 -1269 1527
871 -2792 3365
2006 1458 6674
-1765 -228 3164
36 1783 681
2248 1053 6795
-1102 2974 5313
54 1896 5655
-2628 -1246 1347
-115 -511 4446
2344 670 3933
750 -308 9116
187 2042 1649
-2167 -1087 7992
1288 -323 5765
-1481 495 8536
-1003 950 4285
-1250 2775 3625
2964 -661 7909
-1231 -30 449
221 415 636
-2462 2992 2969
2009 -2216 6784
-1410 -2369 5050
-2371 -1049 4656
-1943 -428 8086
2320 1497 9466
823 2528 5403
121 581 954
482 -2433 5041
2796 -2560 3455
377 -2121 246
1174 -389 3139
-1138 -1516 2439
729 -1473 7504
-533 -392 6268
-2779 -81 6134
-2371 -464 1966
949 773 3562
1828 -2339 8311
399 2523 1759
-385 -219 4504
701 -1539 4759
-2465 121 6989
-2669 -2956 9346
-1857 2529 8706
-500 941 1075
-1071 2479 3248
1894 -2424 6998
1858 1110 4971
1363 -2138 8693
-2779 -1348 6450
76 1086 3539
-1261 -1335 95
-2568 -929 5096
496 2894 1848
1317 2306 1371
-1668 -254 3508
-2470 -276 3424
-2247 1968 4931
1059 2415 9286
-1730 653 416
-2230 2219 2061
1578 2911 1409
1776 2617 1273
196 1557 2584
281 1277 8834
-1250 -2867 5678
-2491 -1471 6441
-17 -2010 3630
1859 -1290 686
114 -1953 3550
-2422 1497 66
2544 -56 2156
653 -2421 720
2987 -2314 2909
346 159 8922
1014 -599 6019
1739 2082 1653
44 1029 545
-946 651 4606
-130 -1096 9671
-75 -939 1672
-1989 506 3693
1602 17 5522
2635 2508 9534
-2815 -2858 1402
314 -2523 283
-1034 -2118 672
-1927 1177 6516
2422 134 5694
-2249 1882 1969
-883 2833 6763
2204 1753 6655
-2372 2195 5474
-1332 -2267 3961
-2833 -1642 8366
-1266 -455 6245
2040 -2715 7106
1528 -920 443
-111 -221 979
-124 -2820 8837
-373 2418 3809
2566 416 114
2251 -20 1356
1678 -973 45
361 -1901 8414
-919 -2216 3158
-2021 -2063 4412
-2387 2387 8915
899 -2257 4194
-988 -1407 7191
-324 2255 1153
-2177 1552 6329
-2859 -1080 3500
-1166 2378 4704
-477 2466 6963
1550 2834 2530
-2307 -1643 2901
2749 1437 6818
2832 424 8258
-586 1986 7361
781 2114 8886
622 -647 9665
1133 860 1259
1455 -2708 4320
-1092 -2307 6797
908 -2059 2371
612 456 2990
-835 133 7341
-844 -835 8295
-2745 -2222 1743
1414 349 9537
-345 -3000 3244
1142 -1596 9049
2316 2574 1437
800 1679 661
-107 -550 6456
-2847 -2769 9633
869 123 1972
2655 -2953 3642
2102 1546 1078
584 -1519 7885
-994 -564 1448
-2994 -2012 226
351 -566 3261
-2347 -482 8436
2487 1524 1424
-61 -1658 699
-2113 2276 6014
-1297 25 7739
2922 1066 5961
1308 1399 2107
1374 -2526 1582
2598 -1380 5505
-2125 751 3238
2855 -315 5405
-2940 2105 1965
401 2983 9781
-872 -1789 3249
-2693 2241 4871
-2424 -2924 7562
-1697 2566 7431
2438 -1241 1897
-1812 45 9024
-2405 -2882 5857
-870 -1352 542
-124 -2286 3208
2626 -954 8100
-1756 -2922 699
-1553 1829 1896
2436 -26 2272
2683 1338 5981
2293 1768 8962
1511 -2434 8139
-1801 1273 3283
59 -481 84
1444 388 8573
1828 286 5277
2031 -2332 5821
-1139 -2138 186
-1342 -1653 5650
-455 -2306 6114
2761 -2721 9818
2175 2502 4783
384 2717 3001
117 1776 630
945 -986 9059
-578 333 8656
1384 1629 6559
-189 291 6887
-2780 -1088 4572
1113 647 4732
1707 532 4095
-300 2400 3128
2073 -382 3199
-1807 2165 3729
-2099 -144 793
-1580 2937 8144
2673 1348 6371
78 -783 9068
-479 1845 8990
1972 -2561 4761
-1100 771 397
-1230 2865 4589
-1780 2288 2662
-730 1350 1339
1997 -2044 7516
-32 39 373
36 1659 8444
1280 144 1696
1842 -590 956
107 1857 8511
1438 -1156 4639
-857 675 9633
2569 51 1437
-2907 2629 890
-1596 1802 4697
-1732 384 2787
394 -1061 8364
-1801 1258 2242
2815 1653 9778
-510 -2304 5672
2429 1743 9066
-2130 -1443 5072
-618 984 961
-1017 369 2556
195 1632 5979
-308 1408 7049
803 -241 2158
-2067 212 6285
-694 1424 2058
1784 -2266 1081
-22 2854 1846
-1751 1297 6009
85 1199 1942
1704 -905 3052
2947 -1609 4145
1414 -2391 7325
-2534 -290 8265
-2531 -1895 1417
-1182 -998 9631
1241 322 6185
2816 2120 3255
184 546 8893
1547 2095 1741
-1737 2337 2608
-2912 1426 9951
1759 1414 9343
-2806 -1620 4875
2664 -2533 620
1008 230 2964
171 -1509 1448
774 -2722 5996
-2620 -2662 5016
-1155 -1300 2327
-103 1725 2793
-1276 1828 4277
-2837 -1201 3906
-1776 -1661 5932
1778 -2904 5483
-2722 1913 3150
1700 2502 2817
3000 2233 8762
2870 1906 3018
2396 801 7733
-1812 -1156 1563
-2852 -242 7073
-1057 -2645 7001
-2437 -2906 9636
2299 -1482 5634
666 -2569 8774
-1265 681 1573
792 -576 5920
391 -440 4394
-281 -2060 1198
2532 1804 9935
-1127 1702 3660
653 -1029 7576
-1941 1133 1074
-783 1792 5410
-1831 2919 2595
576 2237 7356
1654 2446 3360
1024 2661 1021
-226 -1190 5312
-499 728 6424
1475 179 5340
2695 -1025 8096
1168 767 2406
-1461 -1673 89
492 2724 9986
-1481 2245 2802
-923 -799 9027
2775 -827 6439
94 -157 9090
2977 1737 333
2044 -2884 5255
-2351 -1997 9725
606 -2631 5103
585 2209 5128
-2424 -139 2828
-1132 490 9786
1999 2798 3867
-42 74 1916
1523 1649 1405
923 1260 2167
-1335 189 8413
1482 -2919 7484
2064 -704 8726
-2044 1925 1688
1476 784 2522
-300 -59 8964
-87 -833 3166
1974 1840 7075
2567 2314 1123
2263 1557 6326
2949 30 4757
444 -458 7830
-2478 -1926 2666
2512 1656 7699
850 -1465 5994
-1017 -1621 5414
-514 1037 3433
-833 734 6340
-431 1694 7688
590 -2565 2236
1789 2203 7648
-1977 2646 5461
189 -2476 176
1843 1134 4537
672 195 7875
867 1307 8698
472 1017 9478
1805 -596 6167
-2464 536 5804
