80
-54 -27 77
14 -76 74
29 -16 38
11 -44 75
59 -32 62
30 31 7
72 -57 15
-35 -35 43
76 52 2
-36 -40 54
-98 9 79
-3 6 62
-91 -20 27
-2 -93 8
88 -7 19
74 -3 94
76 87 45
36 19 48
74 -36 45
88 89 77
-96 52 83
35 -50 37
87 -47 95
-87 -49 46
89 13 2
-78 79 37
55 -64 10
-30 11 86
74 59 26
22 -18 83
-45 33 26
-74 -95 68
-77 31 86
69 -27 12
90 -88 37
56 19 61
-46 29 93
-62 76 88
47 11 22
-4 -37 98
-49 8 21
-40 80 0
29 -75 81
33 -60 99
42 -83 82
79 -33 6
-84 18 21
-25 61 33
40 -72 99
-93 -26 36
-26 -93 88
89 -93 29
28 -76 18
42 78 41
-75 -53 99
-6 41 10
9 -87 61
-1 28 34
-2 -14 81
1 -55 82
45 95 46
7 -94 95
-95 4 52
-27 -16 83
37 -95 71
-11 47 98
20 -80 29
-38 48 5
29 84 9
24 -86 88
94 -2 2
61 90 8
12 -21 46
81 55 59
87 63 69
-55 77 100
-35 64 72
66 91 38
-56 -63 60
-27 83 84
