100
20 -1 12
14 -10 12
1 11 18
9 -10 18
-15 -5 10
-5 20 1
-9 19 15
3 10 20
-18 9 0
-13 6 5
12 -9 18
-5 -19 6
-14 6 19
0 1 10
-18 -15 10
20 -15 3
-4 -17 16
-3 20 7
15 -6 7
-14 -12 7
-19 -9 19
16 3 0
-6 -19 3
-19 10 8
15 -14 14
3 -5 16
-20 16 20
3 17 9
-16 -20 0
-10 -1 16
-13 -2 20
7 6 18
-8 -5 18
-2 -5 20
5 -10 20
-12 -14 3
20 -3 17
-2 -19 5
-7 3 4
-19 7 14
8 10 12
12 7 12
18 -9 12
5 18 16
7 2 12
-14 2 17
-14 -10 11
14 -14 11
15 -5 16
-15 9 11
-7 14 1
-17 3 16
0 -8 19
-19 17 10
19 -8 0
15 -20 20
11 -19 6
15 8 3
2 4 11
2 -17 0
-2 -1 5
6 -7 4
-9 10 5
-19 15 1
-20 7 9
-8 16 12
-4 -5 16
12 6 17
4 4 20
17 -5 4
3 -11 20
0 -3 6
-6 12 3
17 -10 3
9 4 13
-11 19 1
-8 8 12
-12 0 4
-14 -20 20
4 -9 15
14 -9 5
-19 -18 5
-4 -20 5
-1 -12 11
15 10 18
9 3 11
-19 11 18
15 11 12
6 11 16
-9 5 11
17 -19 8
4 5 8
-10 2 6
-8 19 2
8 -15 6
15 3 19
2 -18 13
-5 7 6
4 14 4
6 0 15
