100
-77700 58892 23435
-74496 -43401 95084
82400 81493 60689
61998 72041 55216
68369 -23327 31704
6122 9096 59819
28844 -75884 45616
-74457 67866 22567
34692 -22034 4192
-18020 11542 45164
82667 22922 42847
-92536 32042 38705
64683 -66878 83916
-42982 70359 6005
99683 36191 78406
14078 65353 62182
-81564 56864 19084
47169 -66705 83898
-47889 -72178 2931
-38681 -87530 4807
9566 -93691 518
96955 38120 78875
38832 -3928 98714
37695 -60595 42061
85360 2806 12845
8830 31981 33421
56893 -69844 63461
-32013 46035 20665
-36167 -71346 19045
-65029 13898 65355
51771 -19270 29092
89524 82978 62141
-29119 5067 44869
-84628 -7776 13801
45916 27650 7136
-72025 54662 45784
70319 20938 36528
-10305 87511 6226
-22779 -26987 88973
-85794 -26928 85291
-56417 -97037 31229
84893 25734 45082
80918 -58311 71108
90973 9204 10048
79161 39960 98987
-30479 89389 33387
28277 -2732 31865
35340 98957 46073
20082 -72719 59386
34111 43167 17779
19859 76879 13480
37303 18774 49958
-91039 50011 34695
-42041 -14224 48553
-63561 42790 48548
93438 46977 55251
-50953 -99902 42279
32475 17244 83852
-80662 32740 47512
56241 76423 69087
-90555 46160 82739
89644 -90601 8949
81561 99564 19248
-22336 -704 15403
-55937 63376 6024
5385 25334 77408
12948 -98746 12182
25743 -524 6168
40356 -10775 2999
-4129 -98179 25942
-5353 -98987 3992
34965 -23203 43480
16973 -89370 66378
16643 9635 10946
-19010 -85352 36589
51455 -91361 83286
33776 89708 3159
-57200 -8084 36243
16943 -96418 27614
89105 11427 1675
-12933 -4365 95197
38063 -59871 88901
30739 -64882 53762
-37764 -9990 6268
57821 11981 40310
79120 -74068 18601
-40747 -62201 99219
55169 -86592 31146
-51084 9853 56778
-25745 34603 65440
91931 -35677 83914
-30958 -21152 45463
3271 -65447 83931
83855 45662 94259
37566 85678 39356
48270 26213 55922
5965 45497 10092
58654 -67997 98213
92895 67148 2942
-795 -27912 5770
