50
-58590 32737 64941
-45088 -18911 26553
-9526 -42091 46127
36165 30039 743
48517 97438 37188
-74603 6176 28984
-58791 -23226 19973
-15695 -5986 63474
-35166 54148 4114
76459 5093 18501
84847 86425 8205
53406 70334 112
64787 16251 52305
83763 52823 42923
-56778 33588 57548
-55723 -17502 3378
50608 -10588 46826
12888 -87983 78672
89439 -35274 59450
-92693 -57263 93964
-20168 19312 94019
52696 73027 73492
31784 -48001 3867
99059 -95231 95152
68941 -10746 59761
-12903 28405 85879
-38780 76798 7559
6867 9136 53411
-93949 85242 57071
-53737 69624 92782
70514 38908 60246
-44983 10968 83162
-61419 -35372 7505
-11831 -85558 17591
-10919 -18349 45226
5489 -46798 89143
-33450 33183 50685
79958 10205 24204
-91283 -30934 67766
69652 48389 62142
17060 -80797 72196
51867 -84271 85954
-24248 -41315 65729
14363 -56528 75032
-660 91476 11877
26262 -52510 79517
-75095 68979 46602
2028 -27353 2637
-61598 -56392 63850
15919 64661 87867
